#time0row7[msb-lsb],time0row6[msb-lst],....,time0row0[msb-lst]#
#time1row7[msb-lsb],time1row6[msb-lst],....,time1row0[msb-lst]#
#................#
00000000000000010000000000000000
00000000000000010000000000000000
00000000000000010000000000010000
00000000000000000000000000000000
00000000000000000000000000000000
00000000000000010000000000000000
00100000000000100000000000000000
00010000000000110000000000000000
00000000000100110000000000010000
00000000000100100000000000010000
00000000000000100000000000000000
00000000000000100000000000000000
00000000000000100000000000000000
00000000000000100000000000000000
00000000000000010000000000000000
00100000000000100000000000100000
00110000000001000000000000100000
00000000000000100000000000000001
00000000000000010000000000000000
00010000000000010000000000000000
00000000000000100000000000000001
00000000000000010000000000000001
00000000000000000000000000000000
00000000000000000000000000110000
00000000000100000000000000110000
00000000000000000000000000010000
00000000000000000000000000000000
00000000000000000000000000000000
00000000000000000000000000000001
00000000000000000000000000000000
00000000000000000000000000000000
00000000000000000000000100000001
00000000000000010000000000000000
00000000000100010000000000010000
00000000000000010000000000000000
00000000000000000000000000000000
00000000000000010000000000010000
00000000000000000000000000000000
00000000000000000000000000000000
00000000000000000000000000000000
00000000000000000000000000000000
00000000000000010000000100000001
00010000000100110000000000110000
00000000001000100000000000100000
00000000000000100000000000000000
00000000000000100000000000000000
00000000000000100000000000000000
00000000000000100000000000000000
00000000000100100000000000000000
00000000000000010000000000000000
00000000000000100000000000000000
00000000000000000000000000000000
00000000000000000000000000000000
00000000000000000000000000000001
00000000000000000000000100000000
00000000000100000001000100000000
00000000000000000000000000000000
00000000000000010000000000100000
00000000000100000000000000110000
00000000000100000000000000010000
00000000000000000000000000000000
00000000000000000000000000000000
00000000000000000000000000000000
00000000000100000000000000000000
